10362176533
10352405547
10369872582
11423451566
10362293954
11509031916
10368773380
11508894896
11508986854
10665591007
10665945705
10368802559
10368880803
10351816796
10365909645
10665591196
10665522659
10369000274
10369860258
10365902421
10666791676
10351803449
11296520267
10366111434
11509274063
10362310890
10720727746
10362309331
10935912183
11508980796
11509042738
11508892404
10362605173
10368801118
10369863147
10697823627
11509242991
10369933677
10369870536
10364807402
10369938627
10368907319
11509255573
10665755921
10365922560
10368883237
10351710457
10369861417
11508930252
10666596791
11509317229
11509210433
11509325767
10666794511
11508951848
10666601720
10679046797
11291697788
10364800107
11284739089
11509059723
10369931039
10362291244
10697882311
10364809359
10665756139
10362626562
10368902543
11509266423
11508946605
10365069077
10697847816
10362311799
10697825037
11284520814
11508995212
11423501008
10364814110
10352387017
10368881997
10697867496
10362293174
10364815491
11508918313
11509149753
11509049676
10983513830
10363529484
11509090822
10935890793
10368904785
11284723355
10697838782
11509146397
11509252794
11509328139
11508957188
11508961629
10365911347
11509307647
10667349729
10362292423
10352371000
10364801730
10368909744
11291704093
11605840778
10365913595
10363677470
10368781277
10362490910
10363526960
11423475811
11508991001
10666673392
11509078534
10665608681
10344579822
10366108019
11423537614
10365072025
10362291851
11509270577
10363524284
10362294651
11509367080
10369941247
11509128406
11508941610
10666695575
10368901297
11509297255
10665906024
11508885214
10362654715
10362246928
10365896670
10365907277
10368990880
10351851840
11508973269
10362617926
11508903336
10666789581
10368996965
10369945406
10362210381
10365070396
10362247763
10362295286
10368989464
10368993804
11508899306
10362312475
10362310148
10368776307
10363528305
11509038315